AA 2000 6 0.401384 72.25 0.41171 70.438 0.311996 0.97492 1.02934 1.00173 0.973177 
AA 2000 9 0.949983 28.75 0.941793 29 -0.25 1.0087 1.0393 1.03478 0.995652 
AA 2000 12 1.21235 27.375 1.22637 27.062 0.0629978 0.988566 1.04998 1.00683 0.958904 
AA 2001 3 1.03796 34.25 1.0592 33.563 1.062 0.979942 1.08745 1.0438 0.959854 
AA 2001 6 1.12424 36.3 1.08943 37.46 0.75 1.03196 1.0362 1.03306 0.99697 
AA 2001 9 0.772771 41.5 0.807809 39.7 0.690002 0.956627 1.05556 1.00723 0.954217 
AA 2001 12 1.15562 32.9 1.23241 30.85 0.830002 0.93769 1.07341 1 0.931611 
AA 2002 3 0.95974 38.5 0.989555 37.34 0.48 0.96987 1.03774 1 0.963636 
AA 2002 6 0.894906 37.3 0.878421 38 0.349998 1.01877 1.02172 1.02145 0.999732 
AA 2002 9 0.612824 32.75 0.617159 32.52 -0.630001 0.992977 1.02123 1.01344 0.992366 
AA 2002 12 1.22563 19.9 1.27696 19.1 -0.17 0.959799 1.0761 1.01608 0.944221 
AA 2003 3 0.860967 23.16 0.914679 21.8 -1.23 0.941278 1.07272 1 0.932211 
AA 2003 6 1.27861 20.1 1.285 20 0.16 0.995025 1.02525 1.00995 0.985075 
AA 2003 9 1.09478 25.85 1.09647 25.81 0.299999 0.998453 1.0137 1.00155 0.988008 
AA 2003 12 1.23638 28.26 1.23945 28.19 -0.039999 0.997523 1.02022 1 0.980184 
AA 2004 3 1.0305 35.41 1.02789 35.5 0.469997 1.00254 1.01653 1.00706 0.990681 
AA 2004 6 0.921734 35.52 0.943788 34.69 -0.970001 0.976633 1.03757 1.0107 0.974099 
AA 2004 9 1.0572 32.34 1.04974 32.57 -0.400002 1.00711 1.05664 1.02103 0.966296 
AA 2004 12 0.895566 34.28 0.900293 34.1 0.0300026 0.994749 1.01466 1.00933 0.994749 
AA 2005 3 0.982634 30.52 0.986189 30.41 0.249998 0.996396 1.01713 1.0118 0.994757 
AA 2005 6 0.865468 30.03 0.866622 29.99 0.0400009 0.998668 1.01368 1.01199 0.998335 
AA 2005 9 0.893411 25.8 0.882465 26.12 -0.190001 1.0124 1.02661 1.01667 0.99031 
AA 2005 12 1.30963 23.06 1.32923 22.72 0.6 0.985256 1.0301 1.00911 0.979618 
AA 2006 3 1.0769 30.17 1.06246 30.58 0.299999 1.01359 1.03844 1.02088 0.983096 
AA 2006 6 1.02975 32.61 1.02534 32.75 0.259998 1.00429 1.01538 1.01257 0.99724 
AA 2006 9 0.823859 33.95 0.837425 33.4 0.369999 0.9838 1.02256 1.00147 0.979381 
AA 2006 12 1.00778 28.29 1.00742 28.3 0.35 1.00035 1.02193 1.0046 0.983033 
AA 2007 6 1.47875 28.7 1.49017 28.48 0.230001 0.992334 1.02812 1.00627 0.978746 
AA 2007 9 0.932832 42.58 0.952975 41.68 0.289997 0.978863 1.02743 1.00282 0.976045 
AA 2007 12 0.783208 39.9 0.807285 38.71 0.18 0.970175 1.05786 1.00351 0.948621 
AA 2008 3 1.18683 31.58 1.19439 31.38 0.299999 0.993667 1.03425 1.01362 0.980051 
AA 2008 6 0.881776 36.71 0.871098 37.16 -0.800003 1.01226 1.03096 1.02506 0.99428 
AA 2008 9 0.496176 34 0.535216 31.52 1.7 0.927059 1.08254 1.00294 0.926471 
AA 2008 12 0.662929 15.16 0.688828 14.59 -1.72 0.962401 1.15597 1.02177 0.883905 
AA 2009 3 0.801848 9.74 0.819517 9.53 -0.3 0.978439 1.07312 1.02464 0.954826 
AA 2009 6 1.16914 8.1 1.17757 8.042 0.259999 0.992839 1.088 1.00741 0.925926 
AA 2009 9 1.421 10 1.54121 9.22 0.56 0.922 1.10044 1.008 0.916 
AA 2009 12 1.16189 15.01 1.21703 14.33 0.81 0.954697 1.05738 1.00666 0.952032 
AA 2010 3 0.904466 16.12 0.940039 15.51 -1.32 0.962159 1.05314 1.00806 0.957196 
AA 2010 6 0.759441 14.3 0.757851 14.33 -0.27 1.0021 1.02347 1.00629 0.983217 
AA 2010 9 1.07679 11.33 1.10909 11 0.48 0.970874 1.04324 1.00088 0.9594 
AA 2010 12 1.30706 12.6 1.27865 12.88 0.410001 1.02222 1.04206 1.04206 1 
AA 2011 3 1.0884 16.29 1.0852 16.338 -0.188999 1.00295 1.02205 1.01013 0.988336 
AA 2011 12 0.55754 16.91 0.564551 16.7 -0.820002 0.987581 1.03448 1.01124 0.977528 
AA 2012 3 0.96134 9.7 0.987818 9.44 0.271999 0.973196 1.05011 1.01546 0.96701 
AA 2012 6 0.882738 9.935 0.884965 9.91 0.604999 0.997484 1.02733 1.02164 0.994464 
AA 2012 9 1.03632 8.81 1.0882 8.39 0.0400009 0.952327 1.06475 1.00795 0.946652 
AA 2012 12 1.00541 9.05 1.04586 8.7 -0.0699997 0.961326 1.04619 1.0011 0.956906 
AA 2013 3 0.900321 9.33 0.924092 9.09 0.231 0.974277 1.0298 1 0.971061 
AA 2013 6 0.954217 8.3 0.942857 8.4 -0.0999994 1.01205 1.02657 1.0241 0.99759 
AA 2013 9 0.993742 7.99 1.00506 7.9 0.0700002 0.988736 1.02956 1.0025 0.973717 
AA 2013 12 1.30845 8.17 1.31975 8.1 0.220001 0.991432 1.02596 1.01591 0.990208 
AA 2014 3 1.25551 9.98 1.23937 10.11 -0.720001 1.01303 1.03817 1.02204 0.984469 
AA 2014 6 1.13542 13.07 1.14066 13.01 0.56 0.995409 1.02572 1.00689 0.981637 
AA 2014 9 1.05315 15.24 1.02294 15.69 0.4 1.02953 1.03925 1.03379 0.994751 
AA 2014 12 0.988991 16.35 1.05068 15.39 0.299999 0.941285 1.08306 1.00489 0.927829 
AA 2015 3 0.830601 16.47 0.865823 15.8 0.299999 0.95932 1.05287 1.00364 0.953248 
AA 2015 6 0.781669 13.42 0.794697 13.2 -0.26 0.983607 1.03781 1.00224 0.965723 
AA 2015 9 1.02514 10.74 1.03868 10.6 0.23 0.986965 1.03784 1.02142 0.984171 
AA 2015 12 0.749766 10.67 0.779727 10.26 -0.33 0.961574 1.06226 1.02343 0.963449 
AA 2016 3 1.21473 8.01 1.33838 7.27 0.0200005 0.907615 1.12958 1.00125 0.886392 
AA 2016 6 1.08565 9.34 1.06962 9.48 -0.379999 1.01499 1.03712 1.01713 0.980728 
AA 2016 9 2.64785 10.7 2.65281 10.68 0.559999 0.998131 1.03547 1.00935 0.974766 
AA 2016 12 1.29904 28.371 1.29189 28.528 -0.108 1.00553 1.03184 1.02686 0.995171 
AA 2017 3 0.864831 37.886 0.912649 35.901 1.032 0.947606 1.07314 1.01074 0.941852 
AA 2017 6 1.06543 33.669 1 35.872 1.033 1.06543 1.06849 1.06754 0.999109 
AA 2017 9 1.32799 35.34 1.30046 36.088 -0.521 1.02117 1.03855 1.03823 0.999689 
AA 2017 12 1.22564 45.711 1.2248 45.742 -1.238 1.00068 1.03831 1.02704 0.989149 
AA 2018 3 1.1046 52.829 1.1198 52.112 -3.284 0.986428 1.0423 1.00278 0.962085 
AA 2018 6 0.79223 59.513 0.796688 59.18 1.189 0.994405 1.04756 1.03028 0.983499 
AA 2018 9 0.802197 44.974 0.883074 40.855 -2.232 0.908414 1.12935 1.01238 0.896429 
AA 2018 12 0.750336 37.955 0.74568 38.192 2.202 1.00624 1.05462 1.05401 0.99942 
AA 2019 3 0.982619 27.732 0.936169 29.108 -0.756998 1.04962 1.10142 1.07374 0.974867 
AA 2019 6 0.845776 26.896 0.867979 26.208 -0.363001 0.97442 1.06685 1.00219 0.939396 
AA 2019 9 0.836919 22.541 0.819398 23.023 -0.187002 1.02138 1.09444 1.07453 0.981811 
AA 2019 12 0.982229 20.202 0.994338 19.956 1.514 0.987823 1.08062 1.05292 0.974359 
AA 2020 3 0.38877 19.091 0.424381 17.489 -0.772001 0.916086 1.10675 1.01011 0.912681 
AA 2020 6 1.60301 7.776 1.73922 7.167 0.384 0.921682 1.11758 1.02186 0.914352 
AA 2020 9 1.01485 12.593 0.963656 13.262 0.187 1.05312 1.07526 1.06988 0.994997 
AA 2020 12 1.99476 11.256 1.85685 12.092 -1.524 1.07427 1.09097 1.0868 0.99618 
AA 2021 3 1.56909 20.575 1.6412 19.671 -1.868 0.956063 1.08578 1.03718 0.955237 
AA 2021 6 1.01411 33.453 0.968539 35.027 1.14 1.04705 1.06466 1.05916 0.994829 
AA 2021 9 1.37481 34.751 1.47584 32.372 0.825996 0.931542 1.0914 1.01024 0.925642 
AA 2021 12 1.1497 51.037 1.06606 55.041 3.264 1.07845 1.11694 1.09687 0.982033 
AA 2022 3 1.40076 61.176 1.42012 60.342 2.493 0.986367 1.07201 1.03498 0.96546 
AA 2022 6 0.560191 79.539 0.625686 71.213 -5.31699 0.895322 1.14188 1.00962 0.88417 
AA 2022 9 0.799281 46.757 0.836886 44.656 2.243 0.955065 1.09227 1.0028 0.918087 
AA 2022 12 1.49592 35.457 1.37697 38.52 -1.435 1.08639 1.17744 1.16352 0.988183 
AA 2023 3 0.808008 50.752 0.833835 49.18 -2.422 0.969026 1.07172 1.03937 0.969814 
AA 2023 6 0.87951 39.497 0.86858 39.994 -1.511 1.01258 1.06608 1.06319 0.997291 
AA 2023 9 0.749787 35.226 0.810085 32.604 0.398998 0.925566 1.09415 1.01218 0.925084 
AA 2023 12 1.04611 26.049 1.12944 24.127 -0.403 0.926216 1.08282 1.0023 0.92564 
AA 2024 3 1.28783 27.62 1.33121 26.72 0.619999 0.967415 1.08051 1.03983 0.962346 
